-0.000000 0.000000
-6.000000 0.000000
-12.000000 0.000000
-18.000000 0.000000
-24.000000 0.000000
-30.000000 0.000000
-36.000000 0.000000
-42.000000 0.000000
-48.000000 0.000000
-54.000000 0.000000
-60.000000 0.000000
-66.000000 0.000000
-72.000000 0.000000
-78.000000 0.000000
-84.000000 0.000000
-90.000000 0.000000
-96.000000 0.000000
-102.000000 0.000000
-108.000000 0.000000
-114.000000 0.000000
-120.000000 0.000000
-126.000000 0.000000
-132.000000 0.000000
-138.000000 0.000000
-144.000000 0.000000
-150.000000 0.000000
-156.000000 0.000000
-162.000000 0.000000
-168.000000 0.000000
-174.000000 0.000000
-180.000000 0.000000
-186.000000 0.000000
-0.000000 6.000000
-6.000000 6.000000
-12.000000 6.000000
-18.000000 6.000000
-24.000000 6.000000
-30.000000 6.000000
-36.000000 6.000000
-42.000000 6.000000
-48.000000 6.000000
-54.000000 6.000000
-60.000000 6.000000
-66.000000 6.000000
-72.000000 6.000000
-78.000000 6.000000
-84.000000 6.000000
-90.000000 6.000000
-96.000000 6.000000
-102.000000 6.000000
-108.000000 6.000000
-114.000000 6.000000
-120.000000 6.000000
-126.000000 6.000000
-132.000000 6.000000
-138.000000 6.000000
-144.000000 6.000000
-150.000000 6.000000
-156.000000 6.000000
-162.000000 6.000000
-168.000000 6.000000
-174.000000 6.000000
-180.000000 6.000000
-186.000000 6.000000
-0.000000 12.000000
-6.000000 12.000000
-12.000000 12.000000
-18.000000 12.000000
-24.000000 12.000000
-30.000000 12.000000
-36.000000 12.000000
-42.000000 12.000000
-48.000000 12.000000
-54.000000 12.000000
-60.000000 12.000000
-66.000000 12.000000
-72.000000 12.000000
-78.000000 12.000000
-84.000000 12.000000
-90.000000 12.000000
-96.000000 12.000000
-102.000000 12.000000
-108.000000 12.000000
-114.000000 12.000000
-120.000000 12.000000
-126.000000 12.000000
-132.000000 12.000000
-138.000000 12.000000
-144.000000 12.000000
-150.000000 12.000000
-156.000000 12.000000
-162.000000 12.000000
-168.000000 12.000000
-174.000000 12.000000
-180.000000 12.000000
-186.000000 12.000000
-0.000000 18.000000
-6.000000 18.000000
-12.000000 18.000000
-18.000000 18.000000
-24.000000 18.000000
-30.000000 18.000000
-36.000000 18.000000
-42.000000 18.000000
-48.000000 18.000000
-54.000000 18.000000
-60.000000 18.000000
-66.000000 18.000000
-72.000000 18.000000
-78.000000 18.000000
-84.000000 18.000000
-90.000000 18.000000
-96.000000 18.000000
-102.000000 18.000000
-108.000000 18.000000
-114.000000 18.000000
-120.000000 18.000000
-126.000000 18.000000
-132.000000 18.000000
-138.000000 18.000000
-144.000000 18.000000
-150.000000 18.000000
-156.000000 18.000000
-162.000000 18.000000
-168.000000 18.000000
-174.000000 18.000000
-180.000000 18.000000
-186.000000 18.000000
-0.000000 24.000000
-6.000000 24.000000
-12.000000 24.000000
-18.000000 24.000000
-24.000000 24.000000
-30.000000 24.000000
-36.000000 24.000000
-42.000000 24.000000
-48.000000 24.000000
-54.000000 24.000000
-60.000000 24.000000
-66.000000 24.000000
-72.000000 24.000000
-78.000000 24.000000
-84.000000 24.000000
-90.000000 24.000000
-96.000000 24.000000
-102.000000 24.000000
-108.000000 24.000000
-114.000000 24.000000
-120.000000 24.000000
-126.000000 24.000000
-132.000000 24.000000
-138.000000 24.000000
-144.000000 24.000000
-150.000000 24.000000
-156.000000 24.000000
-162.000000 24.000000
-168.000000 24.000000
-174.000000 24.000000
-180.000000 24.000000
-186.000000 24.000000
-0.000000 30.000000
-6.000000 30.000000
-12.000000 30.000000
-18.000000 30.000000
-24.000000 30.000000
-30.000000 30.000000
-36.000000 30.000000
-42.000000 30.000000
-48.000000 30.000000
-54.000000 30.000000
-60.000000 30.000000
-66.000000 30.000000
-72.000000 30.000000
-78.000000 30.000000
-84.000000 30.000000
-90.000000 30.000000
-96.000000 30.000000
-102.000000 30.000000
-108.000000 30.000000
-114.000000 30.000000
-120.000000 30.000000
-126.000000 30.000000
-132.000000 30.000000
-138.000000 30.000000
-144.000000 30.000000
-150.000000 30.000000
-156.000000 30.000000
-162.000000 30.000000
-168.000000 30.000000
-174.000000 30.000000
-180.000000 30.000000
-186.000000 30.000000
-0.000000 36.000000
-6.000000 36.000000
-12.000000 36.000000
-18.000000 36.000000
-24.000000 36.000000
-30.000000 36.000000
-36.000000 36.000000
-42.000000 36.000000
-48.000000 36.000000
-54.000000 36.000000
-60.000000 36.000000
-66.000000 36.000000
-72.000000 36.000000
-78.000000 36.000000
-84.000000 36.000000
-90.000000 36.000000
-96.000000 36.000000
-102.000000 36.000000
-108.000000 36.000000
-114.000000 36.000000
-120.000000 36.000000
-126.000000 36.000000
-132.000000 36.000000
-138.000000 36.000000
-144.000000 36.000000
-150.000000 36.000000
-156.000000 36.000000
-162.000000 36.000000
-168.000000 36.000000
-174.000000 36.000000
-180.000000 36.000000
-186.000000 36.000000
-0.000000 42.000000
-6.000000 42.000000
-12.000000 42.000000
-18.000000 42.000000
-24.000000 42.000000
-30.000000 42.000000
-36.000000 42.000000
-42.000000 42.000000
-48.000000 42.000000
-54.000000 42.000000
-60.000000 42.000000
-66.000000 42.000000
-72.000000 42.000000
-78.000000 42.000000
-84.000000 42.000000
-90.000000 42.000000
-96.000000 42.000000
-102.000000 42.000000
-108.000000 42.000000
-114.000000 42.000000
-120.000000 42.000000
-126.000000 42.000000
-132.000000 42.000000
-138.000000 42.000000
-144.000000 42.000000
-150.000000 42.000000
-156.000000 42.000000
-162.000000 42.000000
-168.000000 42.000000
-174.000000 42.000000
-180.000000 42.000000
-186.000000 42.000000
-0.000000 48.000000
-6.000000 48.000000
-12.000000 48.000000
-18.000000 48.000000
-24.000000 48.000000
-30.000000 48.000000
-36.000000 48.000000
-42.000000 48.000000
-48.000000 48.000000
-54.000000 48.000000
-60.000000 48.000000
-66.000000 48.000000
-72.000000 48.000000
-78.000000 48.000000
-84.000000 48.000000
-90.000000 48.000000
-96.000000 48.000000
-102.000000 48.000000
-108.000000 48.000000
-114.000000 48.000000
-120.000000 48.000000
-126.000000 48.000000
-132.000000 48.000000
-138.000000 48.000000
-144.000000 48.000000
-150.000000 48.000000
-156.000000 48.000000
-162.000000 48.000000
-168.000000 48.000000
-174.000000 48.000000
-180.000000 48.000000
-186.000000 48.000000
-0.000000 54.000000
-6.000000 54.000000
-12.000000 54.000000
-18.000000 54.000000
-24.000000 54.000000
-30.000000 54.000000
-36.000000 54.000000
-42.000000 54.000000
-48.000000 54.000000
-54.000000 54.000000
-60.000000 54.000000
-66.000000 54.000000
-72.000000 54.000000
-78.000000 54.000000
-84.000000 54.000000
-90.000000 54.000000
-96.000000 54.000000
-102.000000 54.000000
-108.000000 54.000000
-114.000000 54.000000
-120.000000 54.000000
-126.000000 54.000000
-132.000000 54.000000
-138.000000 54.000000
-144.000000 54.000000
-150.000000 54.000000
-156.000000 54.000000
-162.000000 54.000000
-168.000000 54.000000
-174.000000 54.000000
-180.000000 54.000000
-186.000000 54.000000
-0.000000 60.000000
-6.000000 60.000000
-12.000000 60.000000
-18.000000 60.000000
-24.000000 60.000000
-30.000000 60.000000
-36.000000 60.000000
-42.000000 60.000000
-48.000000 60.000000
-54.000000 60.000000
-60.000000 60.000000
-66.000000 60.000000
-72.000000 60.000000
-78.000000 60.000000
-84.000000 60.000000
-90.000000 60.000000
-96.000000 60.000000
-102.000000 60.000000
-108.000000 60.000000
-114.000000 60.000000
-120.000000 60.000000
-126.000000 60.000000
-132.000000 60.000000
-138.000000 60.000000
-144.000000 60.000000
-150.000000 60.000000
-156.000000 60.000000
-162.000000 60.000000
-168.000000 60.000000
-174.000000 60.000000
-180.000000 60.000000
-186.000000 60.000000
-0.000000 66.000000
-6.000000 66.000000
-12.000000 66.000000
-18.000000 66.000000
-24.000000 66.000000
-30.000000 66.000000
-36.000000 66.000000
-42.000000 66.000000
-48.000000 66.000000
-54.000000 66.000000
-60.000000 66.000000
-66.000000 66.000000
-72.000000 66.000000
-78.000000 66.000000
-84.000000 66.000000
-90.000000 66.000000
-96.000000 66.000000
-102.000000 66.000000
-108.000000 66.000000
-114.000000 66.000000
-120.000000 66.000000
-126.000000 66.000000
-132.000000 66.000000
-138.000000 66.000000
-144.000000 66.000000
-150.000000 66.000000
-156.000000 66.000000
-162.000000 66.000000
-168.000000 66.000000
-174.000000 66.000000
-180.000000 66.000000
-186.000000 66.000000
-0.000000 72.000000
-6.000000 72.000000
-12.000000 72.000000
-18.000000 72.000000
-24.000000 72.000000
-30.000000 72.000000
-36.000000 72.000000
-42.000000 72.000000
-48.000000 72.000000
-54.000000 72.000000
-60.000000 72.000000
-66.000000 72.000000
-72.000000 72.000000
-78.000000 72.000000
-84.000000 72.000000
-90.000000 72.000000
-96.000000 72.000000
-102.000000 72.000000
-108.000000 72.000000
-114.000000 72.000000
-120.000000 72.000000
-126.000000 72.000000
-132.000000 72.000000
-138.000000 72.000000
-144.000000 72.000000
-150.000000 72.000000
-156.000000 72.000000
-162.000000 72.000000
-168.000000 72.000000
-174.000000 72.000000
-180.000000 72.000000
-186.000000 72.000000
-0.000000 78.000000
-6.000000 78.000000
-12.000000 78.000000
-18.000000 78.000000
-24.000000 78.000000
-30.000000 78.000000
-36.000000 78.000000
-42.000000 78.000000
-48.000000 78.000000
-54.000000 78.000000
-60.000000 78.000000
-66.000000 78.000000
-72.000000 78.000000
-78.000000 78.000000
-84.000000 78.000000
-90.000000 78.000000
-96.000000 78.000000
-102.000000 78.000000
-108.000000 78.000000
-114.000000 78.000000
-120.000000 78.000000
-126.000000 78.000000
-132.000000 78.000000
-138.000000 78.000000
-144.000000 78.000000
-150.000000 78.000000
-156.000000 78.000000
-162.000000 78.000000
-168.000000 78.000000
-174.000000 78.000000
-180.000000 78.000000
-186.000000 78.000000
-0.000000 84.000000
-6.000000 84.000000
-12.000000 84.000000
-18.000000 84.000000
-24.000000 84.000000
-30.000000 84.000000
-36.000000 84.000000
-42.000000 84.000000
-48.000000 84.000000
-54.000000 84.000000
-60.000000 84.000000
-66.000000 84.000000
-72.000000 84.000000
-78.000000 84.000000
-84.000000 84.000000
-90.000000 84.000000
-96.000000 84.000000
-102.000000 84.000000
-108.000000 84.000000
-114.000000 84.000000
-120.000000 84.000000
-126.000000 84.000000
-132.000000 84.000000
-138.000000 84.000000
-144.000000 84.000000
-150.000000 84.000000
-156.000000 84.000000
-162.000000 84.000000
-168.000000 84.000000
-174.000000 84.000000
-180.000000 84.000000
-186.000000 84.000000
-0.000000 90.000000
-6.000000 90.000000
-12.000000 90.000000
-18.000000 90.000000
-24.000000 90.000000
-30.000000 90.000000
-36.000000 90.000000
-42.000000 90.000000
-48.000000 90.000000
-54.000000 90.000000
-60.000000 90.000000
-66.000000 90.000000
-72.000000 90.000000
-78.000000 90.000000
-84.000000 90.000000
-90.000000 90.000000
-96.000000 90.000000
-102.000000 90.000000
-108.000000 90.000000
-114.000000 90.000000
-120.000000 90.000000
-126.000000 90.000000
-132.000000 90.000000
-138.000000 90.000000
-144.000000 90.000000
-150.000000 90.000000
-156.000000 90.000000
-162.000000 90.000000
-168.000000 90.000000
-174.000000 90.000000
-180.000000 90.000000
-186.000000 90.000000
-0.000000 96.000000
-6.000000 96.000000
-12.000000 96.000000
-18.000000 96.000000
-24.000000 96.000000
-30.000000 96.000000
-36.000000 96.000000
-42.000000 96.000000
-48.000000 96.000000
-54.000000 96.000000
-60.000000 96.000000
-66.000000 96.000000
-72.000000 96.000000
-78.000000 96.000000
-84.000000 96.000000
-90.000000 96.000000
-96.000000 96.000000
-102.000000 96.000000
-108.000000 96.000000
-114.000000 96.000000
-120.000000 96.000000
-126.000000 96.000000
-132.000000 96.000000
-138.000000 96.000000
-144.000000 96.000000
-150.000000 96.000000
-156.000000 96.000000
-162.000000 96.000000
-168.000000 96.000000
-174.000000 96.000000
-180.000000 96.000000
-186.000000 96.000000
-0.000000 102.000000
-6.000000 102.000000
-12.000000 102.000000
-18.000000 102.000000
-24.000000 102.000000
-30.000000 102.000000
-36.000000 102.000000
-42.000000 102.000000
-48.000000 102.000000
-54.000000 102.000000
-60.000000 102.000000
-66.000000 102.000000
-72.000000 102.000000
-78.000000 102.000000
-84.000000 102.000000
-90.000000 102.000000
-96.000000 102.000000
-102.000000 102.000000
-108.000000 102.000000
-114.000000 102.000000
-120.000000 102.000000
-126.000000 102.000000
-132.000000 102.000000
-138.000000 102.000000
-144.000000 102.000000
-150.000000 102.000000
-156.000000 102.000000
-162.000000 102.000000
-168.000000 102.000000
-174.000000 102.000000
-180.000000 102.000000
-186.000000 102.000000
-0.000000 108.000000
-6.000000 108.000000
-12.000000 108.000000
-18.000000 108.000000
-24.000000 108.000000
-30.000000 108.000000
-36.000000 108.000000
-42.000000 108.000000
-48.000000 108.000000
-54.000000 108.000000
-60.000000 108.000000
-66.000000 108.000000
-72.000000 108.000000
-78.000000 108.000000
-84.000000 108.000000
-90.000000 108.000000
-96.000000 108.000000
-102.000000 108.000000
-108.000000 108.000000
-114.000000 108.000000
-120.000000 108.000000
-126.000000 108.000000
-132.000000 108.000000
-138.000000 108.000000
-144.000000 108.000000
-150.000000 108.000000
-156.000000 108.000000
-162.000000 108.000000
-168.000000 108.000000
-174.000000 108.000000
-180.000000 108.000000
-186.000000 108.000000
-0.000000 114.000000
-6.000000 114.000000
-12.000000 114.000000
-18.000000 114.000000
-24.000000 114.000000
-30.000000 114.000000
-36.000000 114.000000
-42.000000 114.000000
-48.000000 114.000000
-54.000000 114.000000
-60.000000 114.000000
-66.000000 114.000000
-72.000000 114.000000
-78.000000 114.000000
-84.000000 114.000000
-90.000000 114.000000
-96.000000 114.000000
-102.000000 114.000000
-108.000000 114.000000
-114.000000 114.000000
-120.000000 114.000000
-126.000000 114.000000
-132.000000 114.000000
-138.000000 114.000000
-144.000000 114.000000
-150.000000 114.000000
-156.000000 114.000000
-162.000000 114.000000
-168.000000 114.000000
-174.000000 114.000000
-180.000000 114.000000
-186.000000 114.000000
-0.000000 120.000000
-6.000000 120.000000
-12.000000 120.000000
-18.000000 120.000000
-24.000000 120.000000
-30.000000 120.000000
-36.000000 120.000000
-42.000000 120.000000
-48.000000 120.000000
-54.000000 120.000000
-60.000000 120.000000
-66.000000 120.000000
-72.000000 120.000000
-78.000000 120.000000
-84.000000 120.000000
-90.000000 120.000000
-96.000000 120.000000
-102.000000 120.000000
-108.000000 120.000000
-114.000000 120.000000
-120.000000 120.000000
-126.000000 120.000000
-132.000000 120.000000
-138.000000 120.000000
-144.000000 120.000000
-150.000000 120.000000
-156.000000 120.000000
-162.000000 120.000000
-168.000000 120.000000
-174.000000 120.000000
-180.000000 120.000000
-186.000000 120.000000
-0.000000 126.000000
-6.000000 126.000000
-12.000000 126.000000
-18.000000 126.000000
-24.000000 126.000000
-30.000000 126.000000
-36.000000 126.000000
-42.000000 126.000000
-48.000000 126.000000
-54.000000 126.000000
-60.000000 126.000000
-66.000000 126.000000
-72.000000 126.000000
-78.000000 126.000000
-84.000000 126.000000
-90.000000 126.000000
-96.000000 126.000000
-102.000000 126.000000
-108.000000 126.000000
-114.000000 126.000000
-120.000000 126.000000
-126.000000 126.000000
-132.000000 126.000000
-138.000000 126.000000
-144.000000 126.000000
-150.000000 126.000000
-156.000000 126.000000
-162.000000 126.000000
-168.000000 126.000000
-174.000000 126.000000
-180.000000 126.000000
-186.000000 126.000000
-0.000000 132.000000
-6.000000 132.000000
-12.000000 132.000000
-18.000000 132.000000
-24.000000 132.000000
-30.000000 132.000000
-36.000000 132.000000
-42.000000 132.000000
-48.000000 132.000000
-54.000000 132.000000
-60.000000 132.000000
-66.000000 132.000000
-72.000000 132.000000
-78.000000 132.000000
-84.000000 132.000000
-90.000000 132.000000
-96.000000 132.000000
-102.000000 132.000000
-108.000000 132.000000
-114.000000 132.000000
-120.000000 132.000000
-126.000000 132.000000
-132.000000 132.000000
-138.000000 132.000000
-144.000000 132.000000
-150.000000 132.000000
-156.000000 132.000000
-162.000000 132.000000
-168.000000 132.000000
-174.000000 132.000000
-180.000000 132.000000
-186.000000 132.000000
-0.000000 138.000000
-6.000000 138.000000
-12.000000 138.000000
-18.000000 138.000000
-24.000000 138.000000
-30.000000 138.000000
-36.000000 138.000000
-42.000000 138.000000
-48.000000 138.000000
-54.000000 138.000000
-60.000000 138.000000
-66.000000 138.000000
-72.000000 138.000000
-78.000000 138.000000
-84.000000 138.000000
-90.000000 138.000000
-96.000000 138.000000
-102.000000 138.000000
-108.000000 138.000000
-114.000000 138.000000
-120.000000 138.000000
-126.000000 138.000000
-132.000000 138.000000
-138.000000 138.000000
-144.000000 138.000000
-150.000000 138.000000
-156.000000 138.000000
-162.000000 138.000000
-168.000000 138.000000
-174.000000 138.000000
-180.000000 138.000000
-186.000000 138.000000
-0.000000 144.000000
-6.000000 144.000000
-12.000000 144.000000
-18.000000 144.000000
-24.000000 144.000000
-30.000000 144.000000
-36.000000 144.000000
-42.000000 144.000000
-48.000000 144.000000
-54.000000 144.000000
-60.000000 144.000000
-66.000000 144.000000
-72.000000 144.000000
-78.000000 144.000000
-84.000000 144.000000
-90.000000 144.000000
-96.000000 144.000000
-102.000000 144.000000
-108.000000 144.000000
-114.000000 144.000000
-120.000000 144.000000
-126.000000 144.000000
-132.000000 144.000000
-138.000000 144.000000
-144.000000 144.000000
-150.000000 144.000000
-156.000000 144.000000
-162.000000 144.000000
-168.000000 144.000000
-174.000000 144.000000
-180.000000 144.000000
-186.000000 144.000000
-0.000000 150.000000
-6.000000 150.000000
-12.000000 150.000000
-18.000000 150.000000
-24.000000 150.000000
-30.000000 150.000000
-36.000000 150.000000
-42.000000 150.000000
-48.000000 150.000000
-54.000000 150.000000
-60.000000 150.000000
-66.000000 150.000000
-72.000000 150.000000
-78.000000 150.000000
-84.000000 150.000000
-90.000000 150.000000
-96.000000 150.000000
-102.000000 150.000000
-108.000000 150.000000
-114.000000 150.000000
-120.000000 150.000000
-126.000000 150.000000
-132.000000 150.000000
-138.000000 150.000000
-144.000000 150.000000
-150.000000 150.000000
-156.000000 150.000000
-162.000000 150.000000
-168.000000 150.000000
-174.000000 150.000000
-180.000000 150.000000
-186.000000 150.000000
-0.000000 156.000000
-6.000000 156.000000
-12.000000 156.000000
-18.000000 156.000000
-24.000000 156.000000
-30.000000 156.000000
-36.000000 156.000000
-42.000000 156.000000
-48.000000 156.000000
-54.000000 156.000000
-60.000000 156.000000
-66.000000 156.000000
-72.000000 156.000000
-78.000000 156.000000
-84.000000 156.000000
-90.000000 156.000000
-96.000000 156.000000
-102.000000 156.000000
-108.000000 156.000000
-114.000000 156.000000
-120.000000 156.000000
-126.000000 156.000000
-132.000000 156.000000
-138.000000 156.000000
-144.000000 156.000000
-150.000000 156.000000
-156.000000 156.000000
-162.000000 156.000000
-168.000000 156.000000
-174.000000 156.000000
-180.000000 156.000000
-186.000000 156.000000
-0.000000 162.000000
-6.000000 162.000000
-12.000000 162.000000
-18.000000 162.000000
-24.000000 162.000000
-30.000000 162.000000
-36.000000 162.000000
-42.000000 162.000000
-48.000000 162.000000
-54.000000 162.000000
-60.000000 162.000000
-66.000000 162.000000
-72.000000 162.000000
-78.000000 162.000000
-84.000000 162.000000
-90.000000 162.000000
-96.000000 162.000000
-102.000000 162.000000
-108.000000 162.000000
-114.000000 162.000000
-120.000000 162.000000
-126.000000 162.000000
-132.000000 162.000000
-138.000000 162.000000
-144.000000 162.000000
-150.000000 162.000000
-156.000000 162.000000
-162.000000 162.000000
-168.000000 162.000000
-174.000000 162.000000
-180.000000 162.000000
-186.000000 162.000000
-0.000000 168.000000
-6.000000 168.000000
-12.000000 168.000000
-18.000000 168.000000
-24.000000 168.000000
-30.000000 168.000000
-36.000000 168.000000
-42.000000 168.000000
-48.000000 168.000000
-54.000000 168.000000
-60.000000 168.000000
-66.000000 168.000000
-72.000000 168.000000
-78.000000 168.000000
-84.000000 168.000000
-90.000000 168.000000
-96.000000 168.000000
-102.000000 168.000000
-108.000000 168.000000
-114.000000 168.000000
-120.000000 168.000000
-126.000000 168.000000
-132.000000 168.000000
-138.000000 168.000000
-144.000000 168.000000
-150.000000 168.000000
-156.000000 168.000000
-162.000000 168.000000
-168.000000 168.000000
-174.000000 168.000000
-180.000000 168.000000
-186.000000 168.000000
-0.000000 174.000000
-6.000000 174.000000
-12.000000 174.000000
-18.000000 174.000000
-24.000000 174.000000
-30.000000 174.000000
-36.000000 174.000000
-42.000000 174.000000
-48.000000 174.000000
-54.000000 174.000000
-60.000000 174.000000
-66.000000 174.000000
-72.000000 174.000000
-78.000000 174.000000
-84.000000 174.000000
-90.000000 174.000000
-96.000000 174.000000
-102.000000 174.000000
-108.000000 174.000000
-114.000000 174.000000
-120.000000 174.000000
-126.000000 174.000000
-132.000000 174.000000
-138.000000 174.000000
-144.000000 174.000000
-150.000000 174.000000
-156.000000 174.000000
-162.000000 174.000000
-168.000000 174.000000
-174.000000 174.000000
-180.000000 174.000000
-186.000000 174.000000
-0.000000 180.000000
-6.000000 180.000000
-12.000000 180.000000
-18.000000 180.000000
-24.000000 180.000000
-30.000000 180.000000
-36.000000 180.000000
-42.000000 180.000000
-48.000000 180.000000
-54.000000 180.000000
-60.000000 180.000000
-66.000000 180.000000
-72.000000 180.000000
-78.000000 180.000000
-84.000000 180.000000
-90.000000 180.000000
-96.000000 180.000000
-102.000000 180.000000
-108.000000 180.000000
-114.000000 180.000000
-120.000000 180.000000
-126.000000 180.000000
-132.000000 180.000000
-138.000000 180.000000
-144.000000 180.000000
-150.000000 180.000000
-156.000000 180.000000
-162.000000 180.000000
-168.000000 180.000000
-174.000000 180.000000
-180.000000 180.000000
-186.000000 180.000000
-0.000000 186.000000
-6.000000 186.000000
-12.000000 186.000000
-18.000000 186.000000
-24.000000 186.000000
-30.000000 186.000000
-36.000000 186.000000
-42.000000 186.000000
-48.000000 186.000000
-54.000000 186.000000
-60.000000 186.000000
-66.000000 186.000000
-72.000000 186.000000
-78.000000 186.000000
-84.000000 186.000000
-90.000000 186.000000
-96.000000 186.000000
-102.000000 186.000000
-108.000000 186.000000
-114.000000 186.000000
-120.000000 186.000000
-126.000000 186.000000
-132.000000 186.000000
-138.000000 186.000000
-144.000000 186.000000
-150.000000 186.000000
-156.000000 186.000000
-162.000000 186.000000
-168.000000 186.000000
-174.000000 186.000000
-180.000000 186.000000
-186.000000 186.000000
